MEMORY
  total            14.8 MB
  struct          159.1 KB
  buffer          658.2 KB
  arena            14.0 MB, used 0.2%

SIZES
  narena                14680064
  nbuffer               673984
  nplugin               0
  maxuse_stack          5896
  maxuse_arena          22272
  maxuse_con            0
  maxuse_efc            16
  ncon                  0
  ne                    0
  nf                    16
  nl                    0
  nefc                  16
  nJ                    352
  nA                    0
  nisland               1
  nidof                 22
  threadpool            0

SOLVER STAT
  solver_fwdinv =   0         0       
  ISLAND 0
    solver_niter = 1
    solver_nnz = 484
      0:  improvement =  1.9e-31     gradient =  1.7e-17     lineslope =  0       
          nactive = 16   nchange = 0   neval = 2   nupdate = 0

ENERGY =   0         0       

TIME =  0       

QPOS
   0       
   0       
   0.45    
   1       
   0       
   0       
   0       
   0.3     
   0       
   0       
   0.3     
   0       
   0       
   0.2     
   0       
  -0.79    
  -3.1     
   1.6     
   0.2     
  -0.2     
   0.79    
   0       
   0       

QVEL
   0       
   0       
   0       
   0       
   0       
   0       
   0       
   0       
   0       
   0       
   0       
   0       
   0       
   0       
   0       
   0       
   0       
   0       
   0       
   0       
   0       
   0       

QACC_WARMSTART
   0       
   0       
   0       
   0       
   0       
   0       
   0       
   0       
   0       
   0       
   0       
   0       
   0       
   0       
   0       
   0       
   0       
   0       
   0       
   0       
   0       
   0       

CTRL
   0       
   0       
   0       
   0       
   0       
   0       
   0       
   0       
   0       
   0       
   0       
   0       
   0       
   0       
   0       
   0       

QFRC_APPLIED
   0       
   0       
   0       
   0       
   0       
   0       
   0       
   0       
   0       
   0       
   0       
   0       
   0       
   0       
   0       
   0       
   0       
   0       
   0       
   0       
   0       
   0       

XFRC_APPLIED
   0         0         0         0         0         0       
   0         0         0         0         0         0       
   0         0         0         0         0         0       
   0         0         0         0         0         0       
   0         0         0         0         0         0       
   0         0         0         0         0         0       
   0         0         0         0         0         0       
   0         0         0         0         0         0       
   0         0         0         0         0         0       
   0         0         0         0         0         0       
   0         0         0         0         0         0       
   0         0         0         0         0         0       
   0         0         0         0         0         0       
   0         0         0         0         0         0       
   0         0         0         0         0         0       
   0         0         0         0         0         0       
   0         0         0         0         0         0       
   0         0         0         0         0         0       
   0         0         0         0         0         0       
   0         0         0         0         0         0       

QACC
  -3.2e-17 
   4.5e-18 
  -9.8     
  -7.5e-17 
  -5.5e-16 
  -5.2e-17 
  -9e-17   
   1.8e-16 
  -3.6e-17 
  -2.4e-17 
  -7e-16   
   2.1e-16 
  -9.4e-17 
   1.8e-17 
  -2.1e-17 
   6.2e-17 
  -7.2e-17 
  -1.4e-16 
  -6.6e-17 
   2.2e-18 
  -1.1e-16 
   6.7e-17 

SENSOR
   0       
   0       
   0.45    
   1       
   0       
   0       
   0       
   0       
   0       
   0       
   0       
   0       
   0       
   0       
   0       
   0       
  -7.6e-17 
   1e-17   
   3.6e-15 
   0       
   0       
   0       
   0       
  -0.5     
   0       
   0       
   0       
   0.53    
   1       
   0       
   0       
   0       
   0       
   0       
   0       
   0       
   0       
   0       
   0       
   0       
   0       
   1.8e-17 
   4e-16   
   6.2e-17 
   3.9e-16 
   5.1e-17 
   3e-17   
   0       
   0       
  -0.079   
  -0.00059 
   0.5     
   0.42    
   0.57    
   0.42    
   0.57    
   0       
   0       
   0       
   0       
   0       
   0       
   0       
   0       
   0       

XPOS
   0         0         0       
   0         0         0.45    
   0         0         0.45    
   0         0         0.53    
  -0.079    -0.00059   0.5     
  -0.11     -0.01      0.47    
  -0.18     -0.01      0.47    
   0.077    -0.00059   0.5     
   0.11     -0.023     0.49    
   0.18     -0.023     0.49    
  -0.046    -0.00059   0.35    
  -0.066    -0.021     0.33    
  -0.073     0.013     0.27    
  -0.058     0.021     0.24    
  -0.066     0.031     0.17    
   0.045    -0.00059   0.35    
   0.064    -0.027     0.34    
   0.072    -0.018     0.27    
   0.056    -0.02      0.24    
   0.064    -0.017     0.16    

XQUAT
   1         0         0         0       
   1         0         0         0       
   1         0         0         0       
   1         0         0         0       
   0.42      0.57      0.42      0.57    
   0.37      0.6      -0.6       0.37    
   0.37      0.6       0.6      -0.37    
   0.42     -0.57     -0.42      0.57    
  -0.56     -0.43     -0.43      0.56    
  -0.61      0.8       0.0014    0.0011  
   0.45      0.55      0.45      0.55    
   0.8      -0.6      -1.6e-07  -1.2e-07 
   0.92      0.11      0.11     -0.37    
   0.55     -0.43     -0.51      0.5     
   0.74      0.057    -0.66     -0.038   
   0.45     -0.55     -0.45      0.55    
  -0.73     -0.67      0.068    -0.074   
  -0.92      0.061     0.036    -0.38    
  -0.51     -0.48     -0.46     -0.54    
  -0.51     -0.48     -0.46     -0.54    

XMAT
   1         0         0         0         1         0         0         0         1       
   1         0         0         0         1         0         0         0         1       
   1         0         0         0         1         0         0         0         1       
   1         0         0         0         1         0         0         0         1       
   2.2e-07  -4.1e-07   1         0.96     -0.3      -3.3e-07   0.3       0.96      3.3e-07 
  -4.4e-07  -1         1.8e-07  -0.45      3.4e-08  -0.89      0.89     -4.7e-07  -0.45    
   9.2e-08   1         1.8e-07   0.45      1.2e-07  -0.89     -0.89      1.6e-07  -0.45    
   2.2e-07  -4.1e-07  -1         0.96     -0.3       3.3e-07  -0.3      -0.96      3.3e-07 
  -4e-07     1        -5.5e-07  -0.27     -6.4e-07  -0.96     -0.96     -2.4e-07   0.27    
   1         0.0035    5.6e-07   0.00093  -0.27      0.96      0.0034   -0.96     -0.27    
   2.6e-07  -3.9e-07   1         0.98     -0.2      -3.3e-07   0.2       0.98      3.3e-07 
   1         3.8e-07  -1.1e-07  -6.5e-09   0.29      0.96      3.9e-07  -0.96      0.29    
   0.7       0.7       0.12     -0.65      0.7      -0.29     -0.28      0.13      0.95    
  -0.019    -0.11     -0.99      0.99      0.13     -0.034     0.14     -0.98      0.11    
   0.11     -0.019    -0.99     -0.13      0.99     -0.034     0.98      0.14      0.11    
   2.6e-07  -3.9e-07  -1         0.98     -0.2       3.3e-07  -0.2      -0.98      3.3e-07 
   0.98     -0.2       2.7e-08   0.017     0.083    -1         0.2       0.98      0.085   
   0.7      -0.7      -0.11      0.71      0.7       0.084     0.019    -0.14      0.99    
  -0.013    -0.11      0.99      1        -0.039     0.0092    0.037     0.99      0.11    
  -0.014    -0.11      0.99      1        -0.04      0.0092    0.039     0.99      0.11    

XIPOS
   0         0         0       
   0         0         0.45    
  -0.00039   0.0076    0.45    
   0         0         0.53    
  -0.096     0.00061   0.49    
  -0.14      0.0052    0.48    
  -0.21      0.021     0.45    
   0.094    -0.0015    0.49    
   0.14     -0.0065    0.48    
   0.19     -0.017     0.44    
  -0.061    -0.0089    0.35    
  -0.071     0.018     0.29    
  -0.072     0.0067    0.27    
  -0.079     0.025     0.21    
  -0.084     0.0053    0.17    
   0.059    -0.0087    0.35    
   0.069    -0.0026    0.29    
   0.07     -0.023     0.27    
   0.077    -0.018     0.21    
   0.085    -0.026     0.14    

XIMAT
   1         0         0         0         1         0         0         0         1       
   1         0         0         0         1         0         0         0         1       
   1         0         0         0         1         0         0         0         1       
   1         0         0         0         1         0         0         0         1       
   2.2e-07  -4.1e-07   1         0.96     -0.3      -3.3e-07   0.3       0.96      3.3e-07 
  -4.4e-07  -1         1.8e-07  -0.45      3.4e-08  -0.89      0.89     -4.7e-07  -0.45    
   9.2e-08   1         1.8e-07   0.45      1.2e-07  -0.89     -0.89      1.6e-07  -0.45    
   2.2e-07  -4.1e-07  -1         0.96     -0.3       3.3e-07  -0.3      -0.96      3.3e-07 
  -4e-07     1        -5.5e-07  -0.27     -6.4e-07  -0.96     -0.96     -2.4e-07   0.27    
   1         0.0035    5.6e-07   0.00093  -0.27      0.96      0.0034   -0.96     -0.27    
   2.6e-07  -3.9e-07   1         0.98     -0.2      -3.3e-07   0.2       0.98      3.3e-07 
   1         3.8e-07  -1.1e-07  -6.5e-09   0.29      0.96      3.9e-07  -0.96      0.29    
   0.7       0.7       0.12     -0.65      0.7      -0.29     -0.28      0.13      0.95    
  -0.019    -0.11     -0.99      0.99      0.13     -0.034     0.14     -0.98      0.11    
   0.11     -0.019    -0.99     -0.13      0.99     -0.034     0.98      0.14      0.11    
   2.6e-07  -3.9e-07  -1         0.98     -0.2       3.3e-07  -0.2      -0.98      3.3e-07 
   0.98     -0.2       2.7e-08   0.017     0.083    -1         0.2       0.98      0.085   
   0.7      -0.7      -0.11      0.71      0.7       0.084     0.019    -0.14      0.99    
  -0.013    -0.11      0.99      1        -0.039     0.0092    0.037     0.99      0.11    
  -0.014    -0.11      0.99      1        -0.04      0.0092    0.039     0.99      0.11    

XANCHOR
   0         0         0.45    
  -0.079    -0.00059   0.5     
  -0.11     -0.01      0.47    
  -0.18     -0.01      0.47    
   0.077    -0.00059   0.5     
   0.11     -0.023     0.49    
   0.18     -0.023     0.49    
  -0.046    -0.00059   0.35    
  -0.066    -0.021     0.33    
  -0.073     0.013     0.27    
  -0.058     0.021     0.24    
  -0.066     0.031     0.17    
   0.045    -0.00059   0.35    
   0.064    -0.027     0.34    
   0.072    -0.018     0.27    
   0.056    -0.02      0.24    
   0.064    -0.017     0.16    

XAXIS
   0         0         1       
   1        -3.3e-07   3.3e-07 
   1.8e-07  -0.89     -0.45    
  -1.8e-07   0.89      0.45    
  -1         3.3e-07   3.3e-07 
  -5.5e-07  -0.96      0.27    
   5.6e-07   0.96     -0.27    
   1        -3.3e-07   3.3e-07 
  -1.1e-07   0.96      0.29    
   0.12     -0.29      0.95    
   0.99      0.034    -0.11    
  -0.99     -0.034     0.11    
  -1         3.3e-07   3.3e-07 
  -2.7e-08   1        -0.085   
  -0.11      0.084     0.99    
  -0.99     -0.0092   -0.11    
   0.99      0.0092    0.11    

GEOM_XPOS
   0         0         0       
   0         0         0.45    
  -0.0005    0.0087    0.46    
  -0.0005    0.0087    0.46    
   0         0         0.53    
  -0.098     0.0019    0.49    
  -0.098     0.0019    0.49    
  -0.14      0.0063    0.48    
  -0.14      0.0063    0.48    
  -0.2       0.018     0.46    
  -0.2       0.018     0.46    
   0.097    -0.0017    0.49    
   0.097    -0.0017    0.49    
   0.14     -0.0054    0.48    
   0.14     -0.0054    0.48    
   0.18     -0.015     0.45    
   0.18     -0.015     0.45    
  -0.057    -0.0082    0.35    
  -0.057    -0.0082    0.35    
  -0.07      0.017     0.3     
  -0.07      0.017     0.3     
  -0.072     0.0073    0.27    
  -0.072     0.0073    0.27    
  -0.08      0.025     0.21    
  -0.08      0.025     0.21    
  -0.084     0.009     0.17    
  -0.084     0.009     0.17    
   0.056    -0.0072    0.35    
   0.056    -0.0072    0.35    
   0.068    -0.0018    0.3     
   0.068    -0.0018    0.3     
   0.07     -0.022     0.27    
   0.07     -0.022     0.27    
   0.078    -0.018     0.21    
   0.078    -0.018     0.21    
   0.085    -0.025     0.15    
   0.085    -0.025     0.15    

GEOM_XMAT
   1         0         0         0         1         0         0         0         1       
   1         0         0         0         1         0         0         0         1       
   0.0018   -1         0.012     1         0.00068  -0.087     0.087     0.012     1       
   0.0018   -1         0.012     1         0.00068  -0.087     0.087     0.012     1       
   1         0         0         0         1         0         0         0         1       
  -0.68      0.73      0.016    -0.34     -0.33      0.88      0.65      0.59      0.47    
  -0.68      0.73      0.016    -0.34     -0.33      0.88      0.65      0.59      0.47    
   0.0005   -0.0028    1        -0.45     -0.89     -0.0023    0.89     -0.45     -0.0017  
   0.0005   -0.0028    1        -0.45     -0.89     -0.0023    0.89     -0.45     -0.0017  
   0.73     -0.039    -0.69      0.31     -0.88      0.37     -0.62     -0.48     -0.62    
   0.73     -0.039    -0.69      0.31     -0.88      0.37     -0.62     -0.48     -0.62    
  -0.68     -0.73     -0.016    -0.19      0.15      0.97     -0.71      0.66     -0.24    
  -0.68     -0.73     -0.016    -0.19      0.15      0.97     -0.71      0.66     -0.24    
   0.0017    0.0028   -1        -0.27     -0.96     -0.0032   -0.96      0.27     -0.0009  
   0.0017    0.0028   -1        -0.27     -0.96     -0.0032   -0.96      0.27     -0.0009  
   0.99     -0.0088   -0.16      0.042     0.98      0.21      0.15     -0.21      0.97    
   0.99     -0.0088   -0.16      0.042     0.98      0.21      0.15     -0.21      0.97    
  -0.017     0.16      0.99      0.98     -0.19      0.047     0.2       0.97     -0.15    
  -0.017     0.16      0.99      0.98     -0.19      0.047     0.2       0.97     -0.15    
   0.99      0.055     0.1       0.035     0.71     -0.71     -0.11      0.7       0.7     
   0.99      0.055     0.1       0.035     0.71     -0.71     -0.11      0.7       0.7     
   0.02     -1         0.031     0.9       0.0041   -0.43      0.43      0.037     0.9     
   0.02     -1         0.031     0.9       0.0041   -0.43      0.43      0.037     0.9     
  -0.019    -0.99      0.11      0.99     -0.034    -0.13      0.13      0.11      0.98    
  -0.019    -0.99      0.11      0.99     -0.034    -0.13      0.13      0.11      0.98    
  -0.09     -0.99      0.099     0.9      -0.12     -0.43      0.43      0.051     0.9     
  -0.09     -0.99      0.099     0.9      -0.12     -0.43      0.43      0.051     0.9     
   0.017     0.16     -0.99      0.98     -0.18     -0.011    -0.18     -0.97     -0.16    
   0.017     0.16     -0.99      0.98     -0.18     -0.011    -0.18     -0.97     -0.16    
   0.99      0.054     0.1       0.01     -0.92      0.39      0.11     -0.39     -0.91    
   0.99      0.054     0.1       0.01     -0.92      0.39      0.11     -0.39     -0.91    
  -0.019    -1        -0.028     1        -0.017    -0.068     0.068    -0.029     1       
  -0.019    -1        -0.028     1        -0.017    -0.068     0.068    -0.029     1       
  -0.014     0.99      0.11      1         0.0092    0.04      0.039     0.11     -0.99    
  -0.014     0.99      0.11      1         0.0092    0.04      0.039     0.11     -0.99    
  -0.0044    1        -0.028    -0.045     0.028     1         1         0.0057    0.045   
  -0.0044    1        -0.028    -0.045     0.028     1         1         0.0057    0.045   

SITE_XPOS
   0         0         0.45    
   0         0         0.53    
  -0.079    -0.00059   0.5     
  -0.11     -0.01      0.47    
  -0.18     -0.01      0.47    
   0.077    -0.00059   0.5     
   0.11     -0.023     0.49    
   0.18     -0.023     0.49    
  -0.046    -0.00059   0.35    
  -0.066    -0.021     0.33    
  -0.073     0.013     0.27    
  -0.058     0.021     0.24    
  -0.066     0.031     0.17    
   0.045    -0.00059   0.35    
   0.064    -0.027     0.34    
   0.072    -0.018     0.27    
   0.056    -0.02      0.24    
   0.064    -0.017     0.16    

SITE_XMAT
   1         0         0         0         1         0         0         0         1       
   1         0         0         0         1         0         0         0         1       
   2.2e-07  -4.1e-07   1         0.96     -0.3      -3.3e-07   0.3       0.96      3.3e-07 
  -4.4e-07  -1         1.8e-07  -0.45      3.4e-08  -0.89      0.89     -4.7e-07  -0.45    
   9.2e-08   1         1.8e-07   0.45      1.2e-07  -0.89     -0.89      1.6e-07  -0.45    
   2.2e-07  -4.1e-07  -1         0.96     -0.3       3.3e-07  -0.3      -0.96      3.3e-07 
  -4e-07     1        -5.5e-07  -0.27     -6.4e-07  -0.96     -0.96     -2.4e-07   0.27    
   1         0.0035    5.6e-07   0.00093  -0.27      0.96      0.0034   -0.96     -0.27    
   2.6e-07  -3.9e-07   1         0.98     -0.2      -3.3e-07   0.2       0.98      3.3e-07 
   1         3.8e-07  -1.1e-07  -6.5e-09   0.29      0.96      3.9e-07  -0.96      0.29    
   0.7       0.7       0.12     -0.65      0.7      -0.29     -0.28      0.13      0.95    
  -0.019    -0.11     -0.99      0.99      0.13     -0.034     0.14     -0.98      0.11    
   0.11     -0.019    -0.99     -0.13      0.99     -0.034     0.98      0.14      0.11    
   2.6e-07  -3.9e-07  -1         0.98     -0.2       3.3e-07  -0.2      -0.98      3.3e-07 
   0.98     -0.2       2.7e-08   0.017     0.083    -1         0.2       0.98      0.085   
   0.7      -0.7      -0.11      0.71      0.7       0.084     0.019    -0.14      0.99    
  -0.013    -0.11      0.99      1        -0.039     0.0092    0.037     0.99      0.11    
  -0.014    -0.11      0.99      1        -0.04      0.0092    0.039     0.99      0.11    

CAM_XPOS
   0         2         0.95    
  -2         0         0.95    

CAM_XMAT
  -1        -2.5e-32   1.2e-16   1.2e-16  -2.2e-16   1         0         1         2.2e-16 
  -2.2e-16   2.2e-16  -1        -1         0         2.2e-16   0         1         2.2e-16 

LIGHT_XPOS
   0         0         0       
   0        -10        4       
   10        0         4       

LIGHT_XDIR
  -0.42     -0.34     -0.84    
  -0.0001    0.94     -0.34    
  -0.94      0.00031  -0.34    

SUBTREE_COM
  -0.0011    0.0033    0.39    
  -0.0011    0.0033    0.39    
  -0.0011    0.0033    0.39    
   0         0         0.53    
  -0.15      0.0088    0.48    
  -0.17      0.01      0.47    
  -0.21      0.021     0.45    
   0.15     -0.0086    0.47    
   0.16     -0.01      0.47    
   0.19     -0.017     0.44    
  -0.074     0.012     0.25    
  -0.078     0.017     0.22    
  -0.08      0.016     0.2     
  -0.081     0.017     0.19    
  -0.084     0.0053    0.17    
   0.073    -0.015     0.24    
   0.077    -0.017     0.22    
   0.079    -0.021     0.19    
   0.08     -0.021     0.18    
   0.085    -0.026     0.14    

CDOF
   0         0         0         1         0         0       
   0         0         0         0         1         0       
   0         0         0         0         0         1       
   1         0         0        -0         0.062     0.0033  
   0         1         0        -0.062     0         0.0011  
   0         0         1        -0.0033   -0.0011    0       
   1        -3.3e-07   3.3e-07   3.4e-08   0.11      0.0039  
   1.8e-07  -0.89     -0.45      0.083    -0.048     0.096   
  -1.8e-07   0.89      0.45     -0.083     0.08     -0.16    
  -1         3.3e-07   3.3e-07  -3.7e-08  -0.11     -0.0039  
  -5.5e-07  -0.96      0.27      0.088    -0.029    -0.1     
   5.6e-07   0.96     -0.27     -0.088     0.048     0.17    
   1        -3.3e-07   3.3e-07  -1.5e-08  -0.041     0.0039  
  -1.1e-07   0.96      0.29      0.051     0.019    -0.062   
   0.12     -0.29      0.95     -0.026     0.055     0.02    
   0.99      0.034    -0.11      0.003    -0.15     -0.019   
  -0.99     -0.034     0.11     -0.0045    0.23      0.03    
  -1         3.3e-07   3.3e-07   1.2e-08   0.041    -0.0039  
  -2.7e-08   1        -0.085     0.054     0.0055    0.065   
  -0.11      0.084     0.99     -0.011    -0.058     0.0038  
  -0.99     -0.0092   -0.11      0.0013    0.15     -0.023   
   0.99      0.0092    0.11     -0.00021  -0.23      0.021   

CINERT
   0         0         0         0         0         0         0         0         0         0       
   1.6e-05   1.6e-05   2.2e-07   1.5e-08  -2.9e-07   8.6e-07   4.6e-06  -1.4e-05   0.00026   0.0042  
   0.012     0.014     0.0028   -5.1e-06  -7.2e-05  -0.00043   0.0012    0.0071    0.1       1.6     
   6.2e-05   6.2e-05   1e-06     1.1e-08  -4.7e-07   1.4e-06   3.3e-06  -9.9e-06   0.00043   0.003   
   0.00054   0.00094   0.00043  -1.2e-05   0.00046   9.4e-06  -0.0043   -0.00012   0.0048    0.046   
   0.0015    0.005     0.0036    4.5e-05   0.0022   -3.5e-05  -0.024     0.00032   0.016     0.17    
   0.00039   0.0038    0.0035    0.0003    0.0011   -8.7e-05  -0.017     0.0014    0.0051    0.079   
   0.00054   0.00094   0.00044   2.1e-05  -0.00046   2.7e-05   0.0043   -0.00022   0.0048    0.046   
   0.0015    0.005     0.0036    0.00024  -0.0022    0.00016   0.024    -0.0016    0.016     0.17    
   0.00029   0.003     0.0028    0.0003   -0.00073   7.3e-05   0.015    -0.0016    0.0039    0.079   
   0.00023   0.00059   0.00042  -7.5e-05  -0.00026  -5.1e-05  -0.0061   -0.0012   -0.0043    0.1     
   0.001     0.0015    0.00059   0.00011  -0.00071   0.00015  -0.0076    0.0016   -0.01      0.11    
   0.00043   0.00058   0.00016   6.7e-06  -0.00025   1.4e-05  -0.0021    9.8e-05  -0.0035    0.029   
   0.0059    0.0069    0.0012    0.00029  -0.0024    0.0007   -0.013     0.0037   -0.031     0.17    
   0.0056    0.0064    0.00082   1.9e-05  -0.0021    5.8e-05  -0.0094    0.00022  -0.025     0.11    
   0.0002    0.00057   0.00043   7.4e-05   0.00024  -4.9e-05   0.0062   -0.0012   -0.004     0.1     
   0.0011    0.0016    0.00058   4.6e-05   0.00075  -6.3e-05   0.0077   -0.00065  -0.011     0.11    
   0.00043   0.00056   0.00018   5.5e-05   0.00024  -9.1e-05   0.0021   -0.00077  -0.0034    0.029   
   0.0059    0.0069    0.0012    0.00028   0.0024   -0.00066   0.013    -0.0037   -0.031     0.17    
   0.0069    0.0076    0.0011    0.00029   0.0024   -0.00081   0.0098   -0.0033   -0.028     0.11    

ACTUATOR_LENGTH
   0.3     
   0       
   0       
   0.3     
   0       
   0       
   0.2     
   0       
  -0.79    
  -3.1     
   1.6     
   0.2     
  -0.2     
   0.79    
   0       
   0       

actuator_moment
------------------------
       x                |
        x               |
         x              |
          x             |
           x            |
            x           |
             x          |
              x         |
               x        |
                x       |
                 x      |
                  x     |
                   x    |
                    x   |
                     x  |
                      x |
------------------------

ACTUATOR_MOMENT
     6:  1       
     7:  1       
     8:  1       
     9:  1       
    10:  1       
    11:  1       
    12:  1       
    13:  1       
    14:  1       
    15:  1       
    16:  1       
    17:  1       
    18:  1       
    19:  1       
    20:  1       
    21:  1       

CRB
   0         0         0         0         0         0         0         0         0         0       
   0.045     0.066     0.024     0.002     0.00059  -0.0011    6.5e-18   4.2e-18   1.6e-16   3.3     
   0.045     0.066     0.024     0.002     0.00059  -0.0011   -4.6e-06   1.4e-05  -0.00026   3.3     
   6.2e-05   6.2e-05   1e-06     1.1e-08  -4.7e-07   1.4e-06   3.3e-06  -9.9e-06   0.00043   0.003   
   0.0024    0.0098    0.0075    0.00033   0.0038   -0.00011  -0.045     0.0016    0.026     0.29    
   0.0019    0.0089    0.0071    0.00034   0.0033   -0.00012  -0.04      0.0017    0.021     0.25    
   0.00039   0.0038    0.0035    0.0003    0.0011   -8.7e-05  -0.017     0.0014    0.0051    0.079   
   0.0024    0.009     0.0068    0.00056  -0.0034    0.00026   0.043    -0.0035    0.024     0.29    
   0.0018    0.008     0.0064    0.00054  -0.003     0.00023   0.039    -0.0033    0.02      0.25    
   0.00029   0.003     0.0028    0.0003   -0.00073   7.3e-05   0.015    -0.0016    0.0039    0.079   
   0.013     0.016     0.0031    0.00036  -0.0057    0.00087  -0.038     0.0044   -0.074     0.52    
   0.013     0.015     0.0027    0.00043  -0.0055    0.00092  -0.032     0.0057   -0.07      0.42    
   0.012     0.014     0.0021    0.00032  -0.0047    0.00077  -0.025     0.0041   -0.059     0.31    
   0.011     0.013     0.002     0.00031  -0.0045    0.00075  -0.023     0.004    -0.056     0.28    
   0.0056    0.0064    0.00082   1.9e-05  -0.0021    5.8e-05  -0.0094    0.00022  -0.025     0.11    
   0.015     0.017     0.0034    0.00075   0.0061   -0.0017    0.039    -0.0096   -0.077     0.52    
   0.014     0.017     0.003     0.00067   0.0058   -0.0016    0.033    -0.0084   -0.073     0.42    
   0.013     0.015     0.0024    0.00063   0.0051   -0.0016    0.025    -0.0077   -0.062     0.31    
   0.013     0.014     0.0022    0.00057   0.0048   -0.0015    0.023    -0.007    -0.059     0.28    
   0.0069    0.0076    0.0011    0.00029   0.0024   -0.00081   0.0098   -0.0033   -0.028     0.11    

QM
   3.3     
   0         3.3     
   0         0         3.3     
   0         0.2       0.011     0.058   
  -0.2       0         0.0036    0.002     0.079   
  -0.011    -0.0036    0         0.00036  -0.00041   0.024   
   1.1e-09   0.0062    0.0027    4.9e-05   0.00051  -0.0011    0.04    
   0.0026    0.0062   -0.013    -0.00027  -0.0024   -0.0013    1.3e-05   0.041   
  -0.0026   -0.0011    0.0022    5e-05     0.0005    0.00031  -8.2e-07  -0.00039   0.04    
  -1.6e-09  -0.0073    0.0023   -0.00012  -0.00039  -0.0012                                  0.04    
   0.0035    0.0032    0.012    -0.00017  -0.0021    0.00064                                 1.2e-05   0.041   
  -0.0036   -0.00015  -0.00054   7.5e-06   0.00019  -0.0001                                 -1.9e-07  -0.00025   0.04    
   1.5e-08   0.052     0.0065    0.013     0.00051  -0.0042                                                                0.048   
  -0.047    -0.0015    0.0049   -0.0003    0.012     0.00094                                                              -0.00014   0.047   
   0.0053    0.00052  -0.00049   0.00014  -0.0015   -1.4e-05                                                               8.5e-05  -0.00085   0.04    
  -0.0006    0.015    -0.00072   0.0043    0.00011  -0.0013                                                                0.0027    3.8e-06   1.3e-05   0.041   
   0.00031  -4.1e-06   0.0028   -7.8e-05   0.00014   8.8e-06                                                              -7.6e-05  -6.2e-07   1.8e-07  -0.00013   0.04    
  -1.6e-08  -0.055     0.0076   -0.015    -0.00059  -0.0044                                                                                                                  0.049   
  -0.05     -0.00045  -0.0053   -1.1e-05   0.014    -0.0011                                                                                                                 -3.3e-05   0.048   
  -0.00088  -0.00036  -6.9e-05  -0.00011   0.00027   0.00011                                                                                                                 6.8e-05   0.00015   0.04    
   0.00011  -0.018     0.00048  -0.0054   -7.4e-05  -0.0015                                                                                                                  0.0035   -1.8e-07   1.4e-05   0.042   
   9.6e-05   0.0026   -0.0011    0.00092   6.3e-05   0.00024                                                                                                                -0.00065  -4.3e-07  -6e-07    -0.00036   0.04    

M
     0:  3.3     
     0:  0          1:  3.3     
     0:  0          1:  0          2:  3.3     
     0:  0          1:  0.2        2:  0.011      3:  0.058   
     0: -0.2        1:  0          2:  0.0036     3:  0.002      4:  0.079   
     0: -0.011      1: -0.0036     2:  0          3:  0.00036    4: -0.00041    5:  0.024   
     0:  1.1e-09    1:  0.0062     2:  0.0027     3:  4.9e-05    4:  0.00051    5: -0.0011     6:  0.04    
     0:  0.0026     1:  0.0062     2: -0.013      3: -0.00027    4: -0.0024     5: -0.0013     6:  1.3e-05    7:  0.041   
     0: -0.0026     1: -0.0011     2:  0.0022     3:  5e-05      4:  0.0005     5:  0.00031    6: -8.2e-07    7: -0.00039    8:  0.04    
     0: -1.6e-09    1: -0.0073     2:  0.0023     3: -0.00012    4: -0.00039    5: -0.0012     9:  0.04    
     0:  0.0035     1:  0.0032     2:  0.012      3: -0.00017    4: -0.0021     5:  0.00064    9:  1.2e-05   10:  0.041   
     0: -0.0036     1: -0.00015    2: -0.00054    3:  7.5e-06    4:  0.00019    5: -0.0001     9: -1.9e-07   10: -0.00025   11:  0.04    
     0:  1.5e-08    1:  0.052      2:  0.0065     3:  0.013      4:  0.00051    5: -0.0042    12:  0.048   
     0: -0.047      1: -0.0015     2:  0.0049     3: -0.0003     4:  0.012      5:  0.00094   12: -0.00014   13:  0.047   
     0:  0.0053     1:  0.00052    2: -0.00049    3:  0.00014    4: -0.0015     5: -1.4e-05   12:  8.5e-05   13: -0.00085   14:  0.04    
     0: -0.0006     1:  0.015      2: -0.00072    3:  0.0043     4:  0.00011    5: -0.0013    12:  0.0027    13:  3.8e-06   14:  1.3e-05   15:  0.041   
     0:  0.00031    1: -4.1e-06    2:  0.0028     3: -7.8e-05    4:  0.00014    5:  8.8e-06   12: -7.6e-05   13: -6.2e-07   14:  1.8e-07   15: -0.00013   16:  0.04    
     0: -1.6e-08    1: -0.055      2:  0.0076     3: -0.015      4: -0.00059    5: -0.0044    17:  0.049   
     0: -0.05       1: -0.00045    2: -0.0053     3: -1.1e-05    4:  0.014      5: -0.0011    17: -3.3e-05   18:  0.048   
     0: -0.00088    1: -0.00036    2: -6.9e-05    3: -0.00011    4:  0.00027    5:  0.00011   17:  6.8e-05   18:  0.00015   19:  0.04    
     0:  0.00011    1: -0.018      2:  0.00048    3: -0.0054     4: -7.4e-05    5: -0.0015    17:  0.0035    18: -1.8e-07   19:  1.4e-05   20:  0.042   
     0:  9.6e-05    1:  0.0026     2: -0.0011     3:  0.00092    4:  6.3e-05    5:  0.00024   17: -0.00065   18: -4.3e-07   19: -6e-07     20: -0.00036   21:  0.04    

QLD
     0:  2.7     
     0: -0.0078     1:  2.6     
     0:  0.0024     1: -0.011      2:  3.3     
     0:  0.085      1:  3.5        2:  0.23       3:  0.049   
     0: -2.5        1: -0.0058     2:  0.052      3:  0.024      4:  0.071   
     0: -0.48       1: -0.18       2:  0.025      3:  0.0074     4: -0.017      5:  0.023   
     0: -2.1e-05    1:  0.15       2:  0.068      3:  0.0012     4:  0.013      5: -0.028      6:  0.04    
     0:  0.063      1:  0.15       2: -0.3        3: -0.0066     4: -0.059      5: -0.031      6:  0.00031    7:  0.041   
     0: -0.065      1: -0.027      2:  0.055      3:  0.0012     4:  0.013      5:  0.0077     6: -2e-05      7: -0.0097     8:  0.04    
     0: -2.6e-05    1: -0.18       2:  0.058      3: -0.003      4: -0.0096     5: -0.03       9:  0.04    
     0:  0.085      1:  0.078      2:  0.28       3: -0.0041     4: -0.052      5:  0.016      9:  0.00029   10:  0.041   
     0: -0.088      1: -0.0037     2: -0.013      3:  0.00019    4:  0.0047     5: -0.0025     9: -4.6e-06   10: -0.0063    11:  0.04    
     0: -0.0023     1:  1.1        2:  0.14       3:  0.27       4:  0.011      5: -0.086     12:  0.048   
     0: -1          1: -0.032      2:  0.1        3: -0.0063     4:  0.26       5:  0.02      12: -0.003     13:  0.047   
     0:  0.13       1:  0.013      2: -0.012      3:  0.0034     4: -0.038      5: -0.00033   12:  0.0021    13: -0.021     14:  0.04    
     0: -0.015      1:  0.37       2: -0.017      3:  0.1        4:  0.0027     5: -0.031     12:  0.067     13:  9.2e-05   14:  0.00032   15:  0.041   
     0:  0.0078     1: -0.0001     2:  0.07       3: -0.0019     4:  0.0036     5:  0.00022   12: -0.0019    13: -1.5e-05   14:  4.5e-06   15: -0.0033    16:  0.04    
     0: -0.00086    1: -1.1        2:  0.15       3: -0.29       4: -0.012      5: -0.087     17:  0.049   
     0: -1.1        1: -0.0095     2: -0.11       3: -0.00021    4:  0.29       5: -0.023     17: -0.0007    18:  0.048   
     0: -0.022      1: -0.0089     2: -0.0017     3: -0.0026     4:  0.0066     5:  0.0028    17:  0.0017    18:  0.0037    19:  0.04    
     0:  0.0027     1: -0.43       2:  0.011      3: -0.13       4: -0.0018     5: -0.036     17:  0.084     18: -4.5e-06   19:  0.00034   20:  0.042   
     0:  0.0024     1:  0.065      2: -0.027      3:  0.023      4:  0.0016     5:  0.0059    17: -0.016     18: -1.1e-05   19: -1.5e-05   20: -0.009     21:  0.04    

QLDIAGINV
   0.37    
   0.39    
   0.31    
   21      
   14      
   44      
   25      
   24      
   25      
   25      
   24      
   25      
   21      
   22      
   25      
   24      
   25      
   20      
   21      
   25      
   24      
   25      

M: inertia structure
------------------------
 x                      |
 xx                     |
 xxx                    |
 xxxx                   |
 xxxxx                  |
 xxxxxx                 |
 xxxxxxx                |
 xxxxxxxx               |
 xxxxxxxxx              |
 xxxxxx   x             |
 xxxxxx   xx            |
 xxxxxx   xxx           |
 xxxxxx      x          |
 xxxxxx      xx         |
 xxxxxx      xxx        |
 xxxxxx      xxxx       |
 xxxxxx      xxxxx      |
 xxxxxx           x     |
 xxxxxx           xx    |
 xxxxxx           xxx   |
 xxxxxx           xxxx  |
 xxxxxx           xxxxx |
------------------------

iM: block-diagonal inertia (nnzs are island ids)
------------------------
 0                      |
 00                     |
 000                    |
 0000                   |
 00000                  |
 000000                 |
 0000000                |
 00000000               |
 000000000              |
 000000   0             |
 000000   00            |
 000000   000           |
 000000      0          |
 000000      00         |
 000000      000        |
 000000      0000       |
 000000      00000      |
 000000           0     |
 000000           00    |
 000000           000   |
 000000           0000  |
 000000           00000 |
------------------------

CONTACT
EFC_TYPE
  1
  1
  1
  1
  1
  1
  1
  1
  1
  1
  1
  1
  1
  1
  1
  1

EFC_ID
  6
  7
  8
  9
  10
  11
  12
  13
  14
  15
  16
  17
  18
  19
  20
  21

EFC_J
   0         0         0         0         0         0         1         0         0         0         0         0         0         0         0         0         0         0         0         0         0         0       
   0         0         0         0         0         0         0         1         0         0         0         0         0         0         0         0         0         0         0         0         0         0       
   0         0         0         0         0         0         0         0         1         0         0         0         0         0         0         0         0         0         0         0         0         0       
   0         0         0         0         0         0         0         0         0         1         0         0         0         0         0         0         0         0         0         0         0         0       
   0         0         0         0         0         0         0         0         0         0         1         0         0         0         0         0         0         0         0         0         0         0       
   0         0         0         0         0         0         0         0         0         0         0         1         0         0         0         0         0         0         0         0         0         0       
   0         0         0         0         0         0         0         0         0         0         0         0         1         0         0         0         0         0         0         0         0         0       
   0         0         0         0         0         0         0         0         0         0         0         0         0         1         0         0         0         0         0         0         0         0       
   0         0         0         0         0         0         0         0         0         0         0         0         0         0         1         0         0         0         0         0         0         0       
   0         0         0         0         0         0         0         0         0         0         0         0         0         0         0         1         0         0         0         0         0         0       
   0         0         0         0         0         0         0         0         0         0         0         0         0         0         0         0         1         0         0         0         0         0       
   0         0         0         0         0         0         0         0         0         0         0         0         0         0         0         0         0         1         0         0         0         0       
   0         0         0         0         0         0         0         0         0         0         0         0         0         0         0         0         0         0         1         0         0         0       
   0         0         0         0         0         0         0         0         0         0         0         0         0         0         0         0         0         0         0         1         0         0       
   0         0         0         0         0         0         0         0         0         0         0         0         0         0         0         0         0         0         0         0         1         0       
   0         0         0         0         0         0         0         0         0         0         0         0         0         0         0         0         0         0         0         0         0         1       

IEFC_J
   0         0         0         0         0         0         1         0         0         0         0         0         0         0         0         0         0         0         0         0         0         0       
   0         0         0         0         0         0         0         1         0         0         0         0         0         0         0         0         0         0         0         0         0         0       
   0         0         0         0         0         0         0         0         1         0         0         0         0         0         0         0         0         0         0         0         0         0       
   0         0         0         0         0         0         0         0         0         1         0         0         0         0         0         0         0         0         0         0         0         0       
   0         0         0         0         0         0         0         0         0         0         1         0         0         0         0         0         0         0         0         0         0         0       
   0         0         0         0         0         0         0         0         0         0         0         1         0         0         0         0         0         0         0         0         0         0       
   0         0         0         0         0         0         0         0         0         0         0         0         1         0         0         0         0         0         0         0         0         0       
   0         0         0         0         0         0         0         0         0         0         0         0         0         1         0         0         0         0         0         0         0         0       
   0         0         0         0         0         0         0         0         0         0         0         0         0         0         1         0         0         0         0         0         0         0       
   0         0         0         0         0         0         0         0         0         0         0         0         0         0         0         1         0         0         0         0         0         0       
   0         0         0         0         0         0         0         0         0         0         0         0         0         0         0         0         1         0         0         0         0         0       
   0         0         0         0         0         0         0         0         0         0         0         0         0         0         0         0         0         1         0         0         0         0       
   0         0         0         0         0         0         0         0         0         0         0         0         0         0         0         0         0         0         1         0         0         0       
   0         0         0         0         0         0         0         0         0         0         0         0         0         0         0         0         0         0         0         1         0         0       
   0         0         0         0         0         0         0         0         0         0         0         0         0         0         0         0         0         0         0         0         1         0       
   0         0         0         0         0         0         0         0         0         0         0         0         0         0         0         0         0         0         0         0         0         1       

EFC_POS
   0       
   0       
   0       
   0       
   0       
   0       
   0       
   0       
   0       
   0       
   0       
   0       
   0       
   0       
   0       
   0       

EFC_MARGIN
   0       
   0       
   0       
   0       
   0       
   0       
   0       
   0       
   0       
   0       
   0       
   0       
   0       
   0       
   0       
   0       

EFC_FRICTIONLOSS
   0.2     
   0.2     
   0.2     
   0.2     
   0.2     
   0.2     
   0.2     
   0.2     
   0.2     
   0.2     
   0.2     
   0.2     
   0.2     
   0.2     
   0.2     
   0.2     

EFC_DIAGAPPROX
   25      
   24      
   25      
   25      
   24      
   25      
   24      
   24      
   25      
   24      
   25      
   23      
   22      
   25      
   24      
   25      

EFC_KBIP
   0         1.1e+02   0.9       0       
   0         1.1e+02   0.9       0       
   0         1.1e+02   0.9       0       
   0         1.1e+02   0.9       0       
   0         1.1e+02   0.9       0       
   0         1.1e+02   0.9       0       
   0         1.1e+02   0.9       0       
   0         1.1e+02   0.9       0       
   0         1.1e+02   0.9       0       
   0         1.1e+02   0.9       0       
   0         1.1e+02   0.9       0       
   0         1.1e+02   0.9       0       
   0         1.1e+02   0.9       0       
   0         1.1e+02   0.9       0       
   0         1.1e+02   0.9       0       
   0         1.1e+02   0.9       0       

EFC_D
   0.36    
   0.37    
   0.36    
   0.36    
   0.37    
   0.36    
   0.37    
   0.37    
   0.36    
   0.37    
   0.36    
   0.39    
   0.4     
   0.36    
   0.37    
   0.36    

EFC_R
   2.8     
   2.7     
   2.8     
   2.8     
   2.7     
   2.8     
   2.7     
   2.7     
   2.8     
   2.7     
   2.8     
   2.5     
   2.5     
   2.8     
   2.7     
   2.8     

ACTUATOR_VELOCITY
   0       
   0       
   0       
   0       
   0       
   0       
   0       
   0       
   0       
   0       
   0       
   0       
   0       
   0       
   0       
   0       

CVEL
   0         0         0         0         0         0       
   0         0         0         0         0         0       
   0         0         0         0         0         0       
   0         0         0         0         0         0       
   0         0         0         0         0         0       
   0         0         0         0         0         0       
   0         0         0         0         0         0       
   0         0         0         0         0         0       
   0         0         0         0         0         0       
   0         0         0         0         0         0       
   0         0         0         0         0         0       
   0         0         0         0         0         0       
   0         0         0         0         0         0       
   0         0         0         0         0         0       
   0         0         0         0         0         0       
   0         0         0         0         0         0       
   0         0         0         0         0         0       
   0         0         0         0         0         0       
   0         0         0         0         0         0       
   0         0         0         0         0         0       

CDOF_DOT
   0         0         0         0         0         0       
   0         0         0         0         0         0       
   0         0         0         0         0         0       
   0         0         0         0         0         0       
   0         0         0         0         0         0       
   0         0         0         0         0         0       
   0         0        -0         0         0         0       
   0         0        -0         0         0        -0       
   0        -0         0         0         0         0       
   0        -0         0         0         0         0       
   0        -0         0         0         0         0       
  -0         0         0         0         0         0       
   0         0        -0         0         0         0       
   0        -0         0         0         0         0       
   0         0        -0         0         0         0       
  -0         0         0         0         0         0       
   0        -0         0         0        -0         0       
   0        -0         0         0         0         0       
  -0         0         0         0         0         0       
   0        -0         0         0        -0         0       
   0         0         0         0         0         0       
   0         0         0         0         0         0       

QFRC_BIAS
   0       
   0       
   32      
   0.11    
   0.036   
   0       
   0.027   
  -0.12    
   0.022   
   0.023   
   0.11    
  -0.0053  
   0.064   
   0.048   
  -0.0048  
  -0.0071  
   0.028   
   0.074   
  -0.052   
  -0.00067 
   0.0047  
  -0.01    

QFRC_SPRING
   0       
   0       
   0       
   0       
   0       
   0       
   0       
   0       
   0       
   0       
   0       
   0       
   0       
   0       
   0       
   0       
   0       
   0       
   0       
   0       
   0       
   0       

QFRC_DAMPER
   0       
   0       
   0       
   0       
   0       
   0       
  -0       
  -0       
  -0       
  -0       
  -0       
  -0       
  -0       
  -0       
  -0       
  -0       
  -0       
  -0       
  -0       
  -0       
  -0       
  -0       

QFRC_GRAVCOMP
   0       
   0       
   0       
   0       
   0       
   0       
   0       
   0       
   0       
   0       
   0       
   0       
   0       
   0       
   0       
   0       
   0       
   0       
   0       
   0       
   0       
   0       

QFRC_FLUID
   0       
   0       
   0       
   0       
   0       
   0       
   0       
   0       
   0       
   0       
   0       
   0       
   0       
   0       
   0       
   0       
   0       
   0       
   0       
   0       
   0       
   0       

QFRC_PASSIVE
   0       
   0       
   0       
   0       
   0       
   0       
   0       
   0       
   0       
   0       
   0       
   0       
   0       
   0       
   0       
   0       
   0       
   0       
   0       
   0       
   0       
   0       

EFC_VEL
   0       
   0       
   0       
   0       
   0       
   0       
   0       
   0       
   0       
   0       
   0       
   0       
   0       
   0       
   0       
   0       

EFC_AREF
  -0       
  -0       
  -0       
  -0       
  -0       
  -0       
  -0       
  -0       
  -0       
  -0       
  -0       
  -0       
  -0       
  -0       
  -0       
  -0       

SUBTREE_LINVEL
   0         0         0       
   0         0         0       
   0         0         0       
   0         0         0       
   0         0         0       
   0         0         0       
   0         0         0       
   0         0         0       
   0         0         0       
   0         0         0       
   0         0         0       
   0         0         0       
   0         0         0       
   0         0         0       
   0         0         0       
   0         0         0       
   0         0         0       
   0         0         0       
   0         0         0       
   0         0         0       

SUBTREE_ANGMOM
   0         0         0       
   0         0         0       
   0         0         0       
   0         0         0       
   0         0         0       
   0         0         0       
   0         0         0       
   0         0         0       
   0         0         0       
   0         0         0       
   0         0         0       
   0         0         0       
   0         0         0       
   0         0         0       
   0         0         0       
   0         0         0       
   0         0         0       
   0         0         0       
   0         0         0       
   0         0         0       

ACTUATOR_FORCE
   0       
   0       
   0       
   0       
   0       
   0       
   0       
   0       
   0       
   0       
   0       
   0       
   0       
   0       
   0       
   0       

QFRC_ACTUATOR
   0       
   0       
   0       
   0       
   0       
   0       
   0       
   0       
   0       
   0       
   0       
   0       
   0       
   0       
   0       
   0       
   0       
   0       
   0       
   0       
   0       
   0       

QFRC_SMOOTH
   0       
   0       
  -32      
  -0.11    
  -0.036   
   0       
  -0.027   
   0.12    
  -0.022   
  -0.023   
  -0.11    
   0.0053  
  -0.064   
  -0.048   
   0.0048  
   0.0071  
  -0.028   
  -0.074   
   0.052   
   0.00067 
  -0.0047  
   0.01    

QACC_SMOOTH
  -2.5e-17 
   1.1e-16 
  -9.8     
  -1.8e-15 
  -6.7e-16 
  -8.3e-17 
  -4.4e-16 
   8.9e-16 
  -2.2e-16 
  -1.1e-16 
  -3.1e-15 
   9.2e-16 
  -2.2e-16 
   0       
  -9.7e-17 
   3.3e-16 
  -3.3e-16 
  -6.7e-16 
  -2.2e-16 
   1e-17   
  -5.3e-16 
   3.3e-16 

EFC_B
  -4.4e-16 
   8.9e-16 
  -2.2e-16 
  -1.1e-16 
  -3.1e-15 
   9.2e-16 
  -2.2e-16 
   0       
  -9.7e-17 
   3.3e-16 
  -3.3e-16 
  -6.7e-16 
  -2.2e-16 
   1e-17   
  -5.3e-16 
   3.3e-16 

EFC_FORCE
   3.3e-17 
  -6.8e-17 
   1.3e-17 
   8.6e-18 
   2.6e-16 
  -7.8e-17 
   3.5e-17 
  -6.8e-18 
   7.7e-18 
  -2.3e-17 
   2.6e-17 
   5.6e-17 
   2.7e-17 
  -8e-19   
   4.1e-17 
  -2.4e-17 

EFC_STATE
  1
  1
  1
  1
  1
  1
  1
  1
  1
  1
  1
  1
  1
  1
  1
  1

QFRC_CONSTRAINT
   0       
   0       
   0       
   0       
   0       
   0       
   3.3e-17 
  -6.8e-17 
   1.3e-17 
   8.6e-18 
   2.6e-16 
  -7.8e-17 
   3.5e-17 
  -6.8e-18 
   7.7e-18 
  -2.3e-17 
   2.6e-17 
   5.6e-17 
   2.7e-17 
  -8e-19   
   4.1e-17 
  -2.4e-17 

QFRC_INVERSE
   0       
   0       
   0       
   0       
   0       
   0       
   0       
   0       
   0       
   0       
   0       
   0       
   0       
   0       
   0       
   0       
   0       
   0       
   0       
   0       
   0       
   0       

CACC
   0         0         0        -0        -0         9.8     
  -7.5e-17  -5.5e-16  -5.2e-17   2.6e-18  -1.3e-19   3.6e-15 
  -7.5e-17  -5.5e-16  -5.2e-17   2.6e-18  -1.3e-19   3.6e-15 
  -7.5e-17  -5.5e-16  -5.2e-17   2.6e-18  -1.3e-19   3.6e-15 
  -1.7e-16  -5.5e-16  -5.2e-17   2.6e-18  -9.9e-18   3.6e-15 
  -1.7e-16  -7.1e-16  -1.3e-16   1.8e-17  -1.9e-17   3.6e-15 
  -1.7e-16  -7.5e-16  -1.5e-16   2.1e-17  -2.2e-17   3.6e-15 
  -5.1e-17  -5.5e-16  -5.2e-17   2.6e-18   2.5e-18   3.6e-15 
  -5.1e-17   1.3e-16  -2.4e-16  -5.9e-17   2.3e-17   3.6e-15 
  -5.1e-17   3.3e-16  -3e-16    -7.8e-17   3.3e-17   3.7e-15 
  -1.7e-16  -5.5e-16  -5.2e-17   2.6e-18   3.7e-18   3.6e-15 
  -1.7e-16  -5.3e-16  -4.7e-17   3.6e-18   4.1e-18   3.6e-15 
  -1.7e-16  -5.3e-16  -6.7e-17   4.1e-18   2.9e-18   3.6e-15 
  -1.1e-16  -5.2e-16  -7.4e-17   4.3e-18  -6.4e-18   3.5e-15 
  -3.8e-17  -5.2e-16  -8.2e-17   4.6e-18  -2.3e-17   3.5e-15 
   6.8e-17  -5.5e-16  -5.2e-17   2.6e-18  -6e-18     3.6e-15 
   6.8e-17  -6.2e-16  -4.7e-17  -9.4e-19  -6.3e-18   3.5e-15 
   6.7e-17  -6.2e-16  -4.4e-17  -9.6e-19  -6.5e-18   3.5e-15 
   1.8e-16  -6.1e-16  -3.2e-17  -1.1e-18  -2.3e-17   3.6e-15 
   2.4e-16  -6.1e-16  -2.4e-17  -1.1e-18  -3.9e-17   3.6e-15 

CFRC_INT
  -2.9e-18  -3.6e-17  -5.2e-20   8.2e-18   4.2e-18   1.2e-14 
  -2.9e-18  -3.6e-17  -5.2e-20   8.2e-18   4.2e-18   1.2e-14 
  -2.9e-18  -3.6e-17  -5.2e-20   8.4e-18   4.1e-18   1.2e-14 
  -4e-20    -4.5e-20  -7.7e-22  -2.3e-19   3.1e-20   1.1e-17 
   5e-18     1.5e-16  -7.6e-19  -1.3e-17   4.9e-18   1e-15   
   5.5e-18   1.4e-16  -6.9e-19  -1e-17     4.3e-18   8.5e-16 
   4.7e-18   5.6e-17  -3.1e-19  -1.9e-18   1.6e-18   2.7e-16 
  -1.2e-17  -1.6e-16  -6.9e-19  -1.6e-17  -2.6e-18   1e-15   
  -1.2e-17  -1.4e-16  -6.9e-19  -1.4e-17  -2.7e-18   8.9e-16 
  -5.7e-18  -5.3e-17  -4.1e-19  -5.3e-18  -1.6e-18   2.8e-16 
   1.4e-17   1.3e-16   1e-19     4.1e-17  -7.6e-18   1.8e-15 
   1.9e-17   1.1e-16   7.3e-20   3.9e-17  -7.6e-18   1.5e-15 
   1.3e-17   8e-17     9.9e-20   3.3e-17  -6.7e-18   1.1e-15 
   1.3e-17   7.3e-17   8.1e-20   3.1e-17  -6.3e-18   9.9e-16 
   1.7e-19   3e-17     2e-19     1.4e-17  -2.8e-18   4e-16   
  -3.4e-17  -1.5e-16   1.2e-18   4.6e-17   2.2e-18   1.9e-15 
  -2.9e-17  -1.3e-16   1.2e-18   4.4e-17   2.9e-18   1.5e-15 
  -2.7e-17  -9.8e-17   1.2e-18   3.8e-17   3.2e-18   1.1e-15 
  -2.4e-17  -9.1e-17   1.2e-18   3.6e-17   3.3e-18   1e-15   
  -1.1e-17  -3.9e-17   6.7e-19   1.7e-17   2.1e-18   4.1e-16 

CFRC_EXT
   0         0         0         0         0         0       
   0         0         0         0         0         0       
   0         0         0         0         0         0       
   0         0         0         0         0         0       
   0         0         0         0         0         0       
   0         0         0         0         0         0       
   0         0         0         0         0         0       
   0         0         0         0         0         0       
   0         0         0         0         0         0       
   0         0         0         0         0         0       
   0         0         0         0         0         0       
   0         0         0         0         0         0       
   0         0         0         0         0         0       
   0         0         0         0         0         0       
   0         0         0         0         0         0       
   0         0         0         0         0         0       
   0         0         0         0         0         0       
   0         0         0         0         0         0       
   0         0         0         0         0         0       
   0         0         0         0         0         0       

DOF_ISLAND            0 0 0 0 0 0 0 0 0 0 0 0 0 0 0 0 0 0 0 0 0 0

ISLAND_NV             22

ISLAND_IDOFADR        0

MAP_IDOF2DOF          0 1 2 3 4 5 6 7 8 9 10 11 12 13 14 15 16 17 18 19 20 21

EFC_ISLAND            0 0 0 0 0 0 0 0 0 0 0 0 0 0 0 0

ISLAND_NEFC           16

ISLAND_IEFCADR        0

MAP_IEFC2EFC          0 1 2 3 4 5 6 7 8 9 10 11 12 13 14 15

